181.0  06:10:45.599  057.79  043.97  072.661  000105  0004.35  0004.57  036.4638  -121.7165  031.04  041.93
181.5  06:10:45.616  058.07  044.49  071.744  000138  0004.03  0004.24  036.4636  -121.7122  030.52  041.46
182.0  06:10:45.632  056.62  041.86  070.749  000147  0004.07  0004.28  036.4572  -121.7149  030.31  043.77
182.5  06:10:45.649  056.09  040.82  069.669  000121  0004.32  0004.54  036.4556  -121.7183  030.58  044.73
183.0  06:10:45.666  054.91  038.50  068.498  000076  0004.91  0005.13  036.4482  -121.7160  029.72  046.90
183.5  06:10:45.682  054.82  038.29  067.228  000138  0004.25  0004.46  036.4489  -121.7194  030.17  047.11
184.0  06:10:45.699  053.85  036.17  065.850  000143  0004.23  0004.45  036.4445  -121.7233  030.26  049.20
184.5  06:10:45.716  053.72  035.95  064.355  000081  0004.88  0005.10  036.4410  -121.7160  029.20  049.40
185.0  06:10:45.732  053.03  034.32  062.734  000178  0004.00  0004.21  036.4379  -121.7200  029.41  051.07
185.5  06:10:45.749  053.65  035.74  060.975  000187  0003.93  0004.15  036.4422  -121.7206  029.81  049.63
186.0  06:10:45.766  052.29  032.47  059.067  000117  0004.47  0004.68  036.4328  -121.7203  029.07  052.99
186.5  06:10:45.782  052.70  033.48  056.998  000169  0004.06  0004.27  036.4359  -121.7208  029.37  051.93
187.0  06:10:45.799  051.82  031.22  054.753  000127  0004.35  0004.57  036.4290  -121.7199  028.77  054.33
187.5  06:10:45.816  051.96  031.62  052.318  000105  0004.58  0004.79  036.4285  -121.7154  028.26  053.88
188.0  06:10:45.833  051.35  029.83  049.677  000117  0004.41  0004.62  036.4266  -121.7237  029.01  055.85
188.5  06:10:45.849  051.31  029.72  046.812  000145  0004.17  0004.38  036.4255  -121.7217  028.73  055.97
189.0  06:10:45.866  050.79  028.07  043.704  000105  0004.47  0004.68  036.4213  -121.7230  028.57  057.80
189.5  06:10:45.883  050.77  028.03  040.333  000086  0004.69  0004.91  036.4201  -121.7202  028.20  057.83
190.0  06:10:45.899  050.17  025.82  036.676  000085  0004.59  0004.81  036.4156  -121.7247  028.37  060.36
190.5  06:10:45.916  050.36  026.54  032.710  000143  0004.04  0004.26  036.4172  -121.7236  028.38  059.52
191.0  06:10:45.933  050.24  026.12  028.407  000120  0004.22  0004.43  036.4151  -121.7213  027.98  060.01
191.5  06:10:45.949  050.06  025.41  023.739  000069  0004.80  0005.01  036.4130  -121.7211  027.84  060.82
140.0  06:22:48.190  121.42  115.24  060.221  000203  0004.99  0005.20  037.5281  -121.2359  239.89  020.31
140.5  06:22:48.207  121.97  115.30  060.211  000273  0004.68  0004.89  037.5297  -121.2187  240.68  020.94
141.0  06:22:48.223  120.23  114.50  060.202  000177  0005.16  0005.37  037.5131  -121.2440  241.43  019.78
141.5  06:22:48.240  119.25  113.62  060.193  000312  0004.57  0004.79  037.4959  -121.2384  244.20  019.72
142.0  06:22:48.257  119.01  113.62  060.183  000464  0004.12  0004.33  037.4955  -121.2472  243.75  019.39
142.5  06:22:48.273  118.72  113.45  060.174  000466  0004.12  0004.33  037.4920  -121.2497  244.14  019.24
143.0  06:22:48.290  118.30  113.18  060.164  000580  0003.87  0004.09  037.4866  -121.2527  244.78  019.05
143.5  06:22:48.307  117.62  112.75  060.154  000925  0003.34  0003.55  037.4779  -121.2583  245.79  018.71
144.0  06:22:48.323  117.12  112.42  060.144  000791  0003.53  0003.74  037.4712  -121.2617  246.68  018.49
144.5  06:22:48.340  116.58  112.09  060.134  000845  0003.45  0003.67  037.4644  -121.2665  247.53  018.21
145.0  06:22:48.357  115.97  111.74  060.124  001106  0003.13  0003.34  037.4572  -121.2741  248.29  017.82
145.5  06:22:48.373  115.34  111.33  060.114  001045  0003.20  0003.41  037.4489  -121.2796  249.43  017.51
146.0  06:22:48.390  114.79  110.98  060.103  001092  0003.14  0003.36  037.4417  -121.2849  250.42  017.21
146.5  06:22:48.407  114.27  110.65  060.093  001239  0002.99  0003.20  037.4350  -121.2901  251.40  016.92
147.0  06:22:48.424  113.79  110.30  060.082  001435  0002.81  0003.02  037.4279  -121.2933  252.57  016.72
147.5  06:22:48.440  113.20  109.95  060.071  001839  0002.49  0002.70  037.4206  -121.3011  253.60  016.33
148.0  06:22:48.457  112.66  109.56  060.060  001826  0002.49  0002.71  037.4128  -121.3052  254.98  016.09
148.5  06:22:48.474  112.15  109.23  060.049  001818  0002.49  0002.70  037.4059  -121.3109  256.11  015.79
149.0  06:22:48.490  111.62  108.87  060.038  002071  0002.31  0002.53  037.3986  -121.3166  257.45  015.50
149.5  06:22:48.507  111.14  108.53  060.026  001961  0002.37  0002.59  037.3916  -121.3212  258.77  015.26
150.0  06:22:48.524  110.66  108.17  060.015  001981  0002.35  0002.57  037.3844  -121.3257  260.23  015.03
150.5  06:22:48.540  110.16  107.84  060.003  001900  0002.39  0002.61  037.3775  -121.3319  261.60  014.73
151.0  06:22:48.557  109.67  107.48  059.991  002108  0002.24  0002.46  037.3702  -121.3371  263.18  014.49
151.5  06:22:48.574  109.19  107.12  059.979  002092  0002.24  0002.45  037.3627  -121.3423  264.80  014.26
152.0  06:22:48.590  108.72  106.78  059.967  002394  0002.04  0002.25  037.3557  -121.3476  266.44  014.02
152.5  06:22:48.607  108.23  106.42  059.954  002287  0002.08  0002.30  037.3482  -121.3537  268.24  013.76
153.0  06:22:48.624  107.82  106.09  059.942  002177  0002.13  0002.35  037.3415  -121.3577  269.93  013.61
153.5  06:22:48.640  107.35  105.71  059.929  002171  0002.11  0002.33  037.3338  -121.3632  271.92  013.40
154.0  06:22:48.657  106.90  105.36  059.916  002394  0001.96  0002.17  037.3265  -121.3686  273.92  013.21
154.5  06:22:48.674  106.48  105.01  059.903  002318  0001.98  0002.19  037.3194  -121.3733  275.90  013.07
063.0  06:22:48.514  109.83  107.69  060.023  000330  0003.16  0003.37  037.3742  -121.3400  262.13  014.37
063.5  06:22:48.530  110.56  108.11  060.012  000438  0002.80  0003.01  037.3830  -121.3268  260.50  014.98
064.0  06:22:48.547  110.21  107.93  060.000  000733  0002.23  0002.44  037.3792  -121.3340  261.11  014.64
064.5  06:22:48.564  109.56  107.38  059.988  000474  0002.76  0002.97  037.3681  -121.3372  263.65  014.49
065.0  06:22:48.580  108.97  106.95  059.976  000529  0002.66  0002.87  037.3593  -121.3445  265.61  014.15
065.5  06:22:48.597  108.42  106.59  059.964  000265  0003.47  0003.68  037.3517  -121.3530  267.39  013.78
066.0  06:22:48.614  108.12  106.31  059.951  000674  0002.42  0002.63  037.3461  -121.3538  268.80  013.76
066.5  06:22:48.630  107.76  106.01  059.939  000651  0002.48  0002.69  037.3399  -121.3572  270.32  013.64
067.0  06:22:48.647  107.35  105.69  059.926  000684  0002.44  0002.65  037.3335  -121.3621  272.00  013.45
067.5  06:22:48.664  106.80  105.29  059.913  000866  0002.19  0002.40  037.3251  -121.3706  274.30  013.14
068.0  06:22:48.681  106.24  104.76  059.900  000976  0002.07  0002.28  037.3143  -121.3739  277.27  013.11
068.5  06:22:48.697  105.93  104.54  059.887  000962  0002.10  0002.31  037.3097  -121.3797  278.69  012.89
069.0  06:22:48.714  105.61  104.29  059.874  001197  0001.85  0002.06  037.3045  -121.3844  280.25  012.75
069.5  06:22:48.731  105.09  103.88  059.860  000838  0002.31  0002.52  037.2960  -121.3933  283.00  012.48
070.0  06:22:48.747  104.68  103.46  059.847  000841  0002.31  0002.52  037.2875  -121.3958  285.52  012.54
070.5  06:22:48.764  104.39  103.21  059.833  000862  0002.30  0002.51  037.2823  -121.3999  287.17  012.47
071.0  06:22:48.781  104.04  102.90  059.819  001029  0002.10  0002.31  037.2758  -121.4049  289.32  012.39
071.5  06:22:48.797  103.67  102.54  059.805  000677  0002.61  0002.82  037.2685  -121.4097  291.71  012.37
072.0  06:22:48.814  103.32  102.19  059.790  000663  0002.64  0002.85  037.2613  -121.4141  294.08  012.39
072.5  06:22:48.831  102.81  101.76  059.776  000643  0002.70  0002.91  037.2522  -121.4245  297.57  012.21
073.0  06:22:48.847  102.45  101.41  059.761  000295  0003.60  0003.81  037.2449  -121.4306  300.13  012.21
073.5  06:22:48.864  102.42  101.24  059.746  000327  0003.48  0003.69  037.2418  -121.4244  300.20  012.58
222.5  06:10:43.089  128.97  092.93  083.006  000334  0003.98  0004.17  036.5953  -121.6986  339.95  044.34
223.5  06:10:43.122  127.13  089.45  082.921  000255  0004.25  0004.44  036.5861  -121.6995  340.23  045.73
224.5  06:10:43.155  126.77  088.77  082.821  000401  0003.74  0003.93  036.5840  -121.7012  340.38  046.00
225.0  06:10:43.172  125.53  086.31  082.764  000471  0003.54  0003.73  036.5773  -121.7028  340.62  047.01
225.5  06:10:43.189  124.91  085.05  082.703  000229  0004.32  0004.51  036.5738  -121.7036  340.74  047.53
