210.0  06:09:21.964  137.85  085.92  017.118  000267  0004.03  0004.21  037.4006  -122.4077  131.55  052.39
210.5  06:09:21.980  137.61  085.66  017.083  000316  0003.84  0004.02  037.3996  -122.4073  131.51  052.45
211.0  06:09:21.997  137.39  085.43  017.046  000311  0003.86  0004.04  037.3986  -122.4069  131.48  052.50
211.5  06:09:22.014  137.18  085.21  017.008  000370  0003.66  0003.84  037.3976  -122.4066  131.44  052.54
212.0  06:09:22.030  136.99  085.00  016.968  000412  0003.54  0003.72  037.3968  -122.4062  131.42  052.60
212.5  06:09:22.047  136.73  084.75  016.927  000446  0003.45  0003.63  037.3953  -122.4059  131.36  052.65
213.0  06:09:22.064  136.43  084.43  016.883  000554  0003.21  0003.39  037.3940  -122.4053  131.32  052.72
213.5  06:09:22.080  136.18  084.15  016.838  000482  0003.37  0003.55  037.3930  -122.4048  131.29  052.78
214.0  06:09:22.097  135.96  083.92  016.791  000480  0003.37  0003.55  037.3918  -122.4045  131.24  052.83
214.5  06:09:22.114  135.73  083.69  016.742  000495  0003.34  0003.52  037.3905  -122.4042  131.19  052.88
215.0  06:09:22.130  135.51  083.46  016.691  000558  0003.20  0003.38  037.3896  -122.4038  131.15  052.93
215.5  06:09:22.147  135.29  083.23  016.638  000550  0003.21  0003.39  037.3883  -122.4035  131.11  052.98
216.0  06:09:22.164  135.11  083.04  016.583  000512  0003.30  0003.48  037.3874  -122.4033  131.07  053.02
216.5  06:09:22.180  134.86  082.77  016.525  000572  0003.17  0003.35  037.3864  -122.4028  131.03  053.09
217.0  06:09:22.197  134.68  082.56  016.465  000489  0003.35  0003.53  037.3857  -122.4024  131.01  053.14
217.5  06:09:22.214  134.29  082.16  016.402  000580  0003.15  0003.33  037.3837  -122.4018  130.94  053.23
218.0  06:09:22.231  134.11  081.98  016.337  000778  0002.81  0002.99  037.3828  -122.4015  130.90  053.26
218.5  06:09:22.247  133.88  081.73  016.268  000655  0003.01  0003.19  037.3816  -122.4012  130.86  053.32
219.0  06:09:22.264  133.69  081.53  016.197  000620  0003.08  0003.26  037.3806  -122.4008  130.82  053.37
219.5  06:09:22.281  133.47  081.30  016.123  000552  0003.21  0003.39  037.3794  -122.4005  130.78  053.42
220.0  06:09:22.297  133.27  081.08  016.046  000506  0003.31  0003.49  037.3788  -122.4001  130.75  053.48
220.5  06:09:22.314  133.04  080.83  015.965  000435  0003.48  0003.66  037.3776  -122.3997  130.71  053.53
221.0  06:09:22.331  132.81  080.61  015.882  000358  0003.70  0003.88  037.3762  -122.3995  130.65  053.58
221.5  06:09:22.347  132.62  080.39  015.794  000307  0003.87  0004.05  037.3755  -122.3990  130.63  053.64
222.0  06:09:22.364  132.35  080.12  015.703  000262  0004.05  0004.23  037.3738  -122.3988  130.57  053.69
222.5  06:09:22.381  132.11  079.86  015.608  000296  0003.91  0004.09  037.3729  -122.3983  130.53  053.76
198.0  05:51:11.512  159.25  097.20  039.484  000646  0003.80  0004.00  037.7203  -122.9857  109.87  053.51
198.5  05:51:11.529  159.32  096.91  039.484  000657  0003.77  0003.97  037.7179  -122.9904  109.69  053.67
199.0  05:51:11.546  159.41  096.55  039.484  001512  0002.81  0003.01  037.7148  -122.9962  109.48  053.85
199.5  05:51:11.562  159.48  096.32  039.484  001475  0002.83  0003.03  037.7119  -123.0004  109.29  053.98
200.0  05:51:11.579  159.58  095.83  039.484  001752  0002.62  0002.82  037.7098  -123.0071  109.10  054.22
200.5  05:51:11.596  159.67  095.55  039.484  001848  0002.55  0002.75  037.7071  -123.0119  108.92  054.37
201.0  05:51:11.612  159.77  095.21  039.484  001531  0002.77  0002.97  037.7036  -123.0177  108.68  054.55
201.5  05:51:11.629  159.86  094.88  039.484  001147  0003.10  0003.30  037.7010  -123.0229  108.48  054.72
202.0  05:51:11.646  159.95  094.56  039.484  001054  0003.20  0003.40  037.6982  -123.0280  108.30  054.89
202.5  05:51:11.662  160.04  094.31  039.483  001290  0002.96  0003.16  037.6953  -123.0325  108.11  055.03
203.0  05:51:11.679  160.16  093.89  039.483  000967  0003.28  0003.48  037.6928  -123.0386  107.92  055.24
203.5  05:51:11.696  160.27  093.57  039.480  000400  0004.27  0004.47  037.6894  -123.0442  107.69  055.41
204.0  05:51:11.712  160.39  093.12  039.474  000622  0003.77  0003.97  037.6872  -123.0505  107.52  055.63
204.5  05:51:11.729  160.47  092.88  039.457  001295  0002.92  0003.12  037.6858  -123.0540  107.42  055.76
205.0  05:51:11.746  160.61  092.55  039.406  001137  0003.06  0003.26  037.6812  -123.0603  107.14  055.94
205.5  05:51:11.763  160.71  092.23  039.259  000609  0003.77  0003.97  037.6790  -123.0652  106.98  056.10
206.0  05:51:11.779  160.84  091.78  038.837  000535  0003.90  0004.10  037.6775  -123.0711  106.85  056.34
206.5  05:51:11.796  160.93  091.62  037.623  000347  0004.38  0004.58  037.6739  -123.0751  106.63  056.43
130.0  05:51:11.448  135.32  098.10  039.484  000622  0003.63  0003.80  037.7273  -122.9716  117.35  043.99
130.5  05:51:11.465  135.38  098.60  039.484  000361  0004.23  0004.40  037.7281  -122.9654  117.56  043.71
131.0  05:51:11.482  135.25  097.50  039.484  001379  0002.71  0002.88  037.7222  -122.9813  116.80  044.33
131.5  05:51:11.498  135.29  097.79  039.484  000805  0003.34  0003.51  037.7250  -122.9765  117.09  044.17
132.0  05:51:11.515  135.17  096.75  039.484  002196  0002.15  0002.32  037.7165  -122.9930  116.17  044.75
132.5  05:51:11.532  135.22  097.14  039.484  001590  0002.55  0002.72  037.7192  -122.9871  116.47  044.54
133.0  05:51:11.548  135.11  096.08  039.484  002636  0001.92  0002.09  037.7109  -123.0037  115.58  045.14
133.5  05:51:11.565  135.15  096.40  039.484  002261  0002.12  0002.29  037.7130  -122.9989  115.82  044.96
134.0  05:51:11.582  135.07  095.34  039.484  001979  0002.30  0002.47  037.7051  -123.0153  114.96  045.56
134.5  05:51:11.598  135.10  095.70  039.484  002308  0002.10  0002.27  037.7078  -123.0097  115.25  045.36
135.0  05:51:11.615  135.04  094.68  039.484  001825  0002.40  0002.57  037.6996  -123.0260  114.40  045.95
135.5  05:51:11.632  135.06  095.00  039.484  001969  0002.31  0002.48  037.7021  -123.0209  114.66  045.76
136.0  05:51:11.648  135.02  093.94  039.483  002018  0002.28  0002.45  037.6943  -123.0373  113.83  046.38
136.5  05:51:11.665  135.03  094.30  039.482  001807  0002.42  0002.59  037.6964  -123.0321  114.07  046.18
137.0  05:51:11.682  135.02  093.25  039.480  001607  0002.57  0002.74  037.6879  -123.0487  113.22  046.79
137.5  05:51:11.699  135.02  093.58  039.472  001680  0002.51  0002.68  037.6911  -123.0431  113.52  046.59
138.0  05:51:11.715  135.03  092.58  039.450  001084  0003.04  0003.21  037.6832  -123.0589  112.72  047.19
138.5  05:51:11.732  135.03  092.92  039.386  001391  0002.74  0002.91  037.6854  -123.0538  112.95  046.99
139.0  05:51:11.749  135.05  091.89  039.201  000851  0003.32  0003.49  037.6772  -123.0702  112.14  047.61
139.5  05:51:11.765  135.05  092.21  038.671  000921  0003.23  0003.40  037.6802  -123.0648  112.42  047.41
140.0  05:51:11.782  135.09  091.27  037.143  000804  0003.38  0003.55  037.6719  -123.0801  111.64  047.98
140.5  05:51:11.799  135.08  091.55  032.747  000957  0003.18  0003.35  037.6741  -123.0757  111.85  047.81
141.0  05:51:11.815  135.15  090.48  020.093  000575  0003.76  0003.93  037.6641  -123.0934  110.93  048.46
141.5  05:51:11.832  135.12  090.88  -16.328  000942  0003.20  0003.37  037.6692  -123.0860  111.37  048.21
206.0  06:09:18.298  097.72  091.38  017.610  000215  0004.38  0004.66  037.4263  -122.4162  104.74  021.00
206.5  06:09:18.315  097.55  091.21  017.596  000270  0004.12  0004.40  037.4254  -122.4158  104.58  021.01
207.0  06:09:18.331  097.24  090.91  017.581  000207  0004.42  0004.70  037.4242  -122.4157  104.36  021.06
207.5  06:09:18.348  097.04  090.72  017.566  000322  0003.91  0004.19  037.4232  -122.4150  104.19  021.05
208.0  06:09:18.365  096.76  090.45  017.550  000280  0004.06  0004.34  037.4219  -122.4146  103.97  021.07
208.5  06:09:18.382  096.57  090.25  017.533  000224  0004.31  0004.59  037.4211  -122.4146  103.84  021.10
209.0  06:09:18.398  096.28  089.98  017.515  000271  0004.09  0004.36  037.4196  -122.4136  103.60  021.09
209.5  06:09:18.415  096.02  089.72  017.497  000342  0003.82  0004.09  037.4185  -122.4134  103.40  021.13
210.0  06:09:18.432  095.76  089.44  017.478  000305  0003.95  0004.22  037.4175  -122.4136  103.23  021.18
210.5  06:09:18.448  095.52  089.24  017.458  000282  0004.03  0004.30  037.4160  -122.4123  102.99  021.15
211.0  06:09:18.465  095.26  088.97  017.437  000276  0004.05  0004.32  037.4150  -122.4123  102.79  021.20
211.5  06:09:18.482  094.98  088.68  017.415  000337  0003.81  0004.09  037.4138  -122.4121  102.59  021.23
212.0  06:09:18.498  094.75  088.46  017.393  000337  0003.80  0004.08  037.4127  -122.4116  102.40  021.24
212.5  06:09:18.515  094.41  088.13  017.369  000149  0004.72  0005.00  037.4112  -122.4110  102.13  021.27
213.0  06:09:18.532  094.21  087.93  017.345  000394  0003.61  0003.89  037.4103  -122.4107  101.97  021.29
213.5  06:09:18.548  094.05  087.78  017.319  000366  0003.69  0003.97  037.4095  -122.4103  101.82  021.29
214.0  06:09:18.565  093.65  087.38  017.293  000304  0003.90  0004.17  037.4077  -122.4098  101.52  021.34
214.5  06:09:18.582  093.44  087.17  017.265  000477  0003.36  0003.64  037.4068  -122.4097  101.36  021.37
215.0  06:09:18.598  093.16  086.90  017.236  000388  0003.60  0003.87  037.4054  -122.4090  101.10  021.38
215.5  06:09:18.615  092.87  086.60  017.206  000354  0003.70  0003.97  037.4041  -122.4086  100.86  021.41
216.0  06:09:18.632  092.59  086.31  017.175  000325  0003.79  0004.07  037.4030  -122.4086  100.67  021.47
216.5  06:09:18.648  092.38  086.12  017.142  000536  0003.19  0003.47  037.4019  -122.4079  100.47  021.47
217.0  06:09:18.665  092.13  085.88  017.108  000560  0003.13  0003.41  037.4007  -122.4074  100.25  021.48
217.5  06:09:18.682  091.87  085.60  017.072  000486  0003.30  0003.57  037.3996  -122.4073  100.06  021.54
218.0  06:09:18.699  091.59  085.34  017.035  000656  0002.92  0003.20  037.3982  -122.4066  099.81  021.55
218.5  06:09:18.715  091.35  085.10  016.997  000612  0003.00  0003.28  037.3970  -122.4062  099.61  021.57
219.0  06:09:18.732  091.12  084.86  016.956  000601  0003.02  0003.29  037.3961  -122.4061  099.43  021.61
219.5  06:09:18.749  090.87  084.61  016.914  000775  0002.69  0002.97  037.3950  -122.4058  099.20  021.64
220.0  06:09:18.765  090.63  084.38  016.871  000686  0002.84  0003.11  037.3938  -122.4052  099.00  021.66
220.5  06:09:18.782  090.38  084.12  016.825  000465  0003.31  0003.58  037.3927  -122.4051  098.81  021.71
221.0  06:09:18.799  090.14  083.88  016.777  000683  0002.83  0003.10  037.3916  -122.4047  098.59  021.74
221.5  06:09:18.815  089.87  083.61  016.728  000775  0002.66  0002.93  037.3903  -122.4042  098.37  021.76
222.0  06:09:18.832  089.67  083.41  016.676  000676  0002.82  0003.10  037.3893  -122.4037  098.16  021.78
222.5  06:09:18.849  089.40  083.14  016.622  000700  0002.77  0003.05  037.3881  -122.4034  097.95  021.82
223.0  06:09:18.865  089.13  082.87  016.566  000694  0002.77  0003.05  037.3869  -122.4030  097.73  021.86
223.5  06:09:18.882  088.92  082.65  016.508  000654  0002.84  0003.12  037.3859  -122.4028  097.55  021.89
224.0  06:09:18.899  088.69  082.43  016.447  000810  0002.56  0002.83  037.3848  -122.4023  097.32  021.91
224.5  06:09:18.915  088.40  082.14  016.383  000749  0002.65  0002.93  037.3835  -122.4018  097.08  021.94
225.0  06:09:18.932  088.17  081.91  016.317  000656  0002.81  0003.08  037.3824  -122.4014  096.87  021.98
225.5  06:09:18.949  088.03  081.76  016.248  000539  0003.05  0003.32  037.3818  -122.4013  096.75  022.01
