018.0  04:07:43.881  164.83  092.70  021.126  000429  0003.31  0003.49  037.1690  -122.9357  109.94  056.76
018.5  04:07:43.898  164.55  092.44  021.114  000303  0003.69  0003.87  037.1664  -122.9349  109.83  056.80
019.0  04:07:43.915  164.25  092.18  021.103  000418  0003.33  0003.51  037.1633  -122.9340  109.71  056.84
019.5  04:07:43.931  164.09  092.06  021.091  000358  0003.50  0003.68  037.1615  -122.9333  109.63  056.85
020.0  04:07:43.948  163.82  091.83  021.079  000319  0003.62  0003.80  037.1588  -122.9324  109.53  056.88
020.5  04:07:43.965  163.61  091.59  021.067  000398  0003.36  0003.54  037.1570  -122.9320  109.44  056.93
021.0  04:07:43.981  163.34  091.43  021.054  000549  0003.00  0003.18  037.1537  -122.9307  109.32  056.94
021.5  04:07:43.998  163.13  091.23  021.041  000415  0003.31  0003.49  037.1517  -122.9301  109.24  056.98
022.0  04:07:44.015  162.87  090.96  021.028  000474  0003.15  0003.33  037.1492  -122.9295  109.13  057.03
022.5  04:07:44.031  162.65  090.81  021.015  000338  0003.52  0003.70  037.1468  -122.9286  109.03  057.04
012.0  03:55:28.789  151.52  091.31  017.408  000353  0004.31  0004.51  037.5049  -122.9910  099.02  054.07
012.5  03:55:28.806  151.26  091.26  017.404  000416  0004.13  0004.33  037.5058  -122.9875  099.09  054.02
013.0  03:55:28.822  151.03  091.27  017.400  000228  0004.81  0005.01  037.5061  -122.9839  099.13  053.94
013.5  03:55:28.839  150.83  091.16  017.396  000596  0003.73  0003.93  037.5074  -122.9818  099.21  053.94
014.0  03:55:28.856  150.60  091.02  017.392  000625  0003.68  0003.88  037.5089  -122.9793  099.31  053.94
014.5  03:55:28.872  150.36  091.03  017.387  000524  0003.88  0004.08  037.5093  -122.9759  099.35  053.88
015.0  03:55:28.889  150.16  090.93  017.383  000333  0004.40  0004.60  037.5105  -122.9736  099.43  053.86
015.5  03:55:28.906  149.94  090.92  017.379  000404  0004.18  0004.38  037.5109  -122.9703  099.48  053.80
016.0  03:55:28.922  149.75  090.91  017.374  000800  0003.41  0003.61  037.5113  -122.9675  099.50  053.75
016.5  03:55:28.939  149.44  090.80  017.370  000602  0003.74  0003.94  037.5128  -122.9638  099.60  053.72
017.0  03:55:28.956  149.16  090.72  017.366  000500  0003.95  0004.15  037.5139  -122.9602  099.69  053.67
017.5  03:55:28.973  148.99  090.65  017.361  000745  0003.50  0003.70  037.5148  -122.9582  099.75  053.66
018.0  03:55:28.989  148.80  090.56  017.356  000498  0003.96  0004.16  037.5160  -122.9559  099.83  053.64
018.5  03:55:29.006  148.51  090.49  017.352  000324  0004.45  0004.65  037.5170  -122.9522  099.91  053.59
019.0  03:55:29.023  148.30  090.48  017.347  000637  0003.69  0003.89  037.5174  -122.9490  099.95  053.53
019.5  03:55:29.039  148.15  090.48  017.342  000673  0003.63  0003.83  037.5177  -122.9468  099.98  053.49
020.0  03:55:29.056  147.88  090.40  017.337  000577  0003.81  0004.01  037.5188  -122.9433  100.07  053.45
020.5  03:55:29.073  147.59  090.26  017.332  000463  0004.06  0004.26  037.5205  -122.9399  100.18  053.43
021.0  03:55:29.089  147.52  090.24  017.327  000457  0004.08  0004.28  037.5208  -122.9390  100.21  053.42
021.5  03:55:29.106  147.19  090.10  017.322  000411  0004.20  0004.40  037.5226  -122.9351  100.32  053.39
022.0  03:55:29.123  147.01  090.10  017.317  000574  0003.82  0004.02  037.5229  -122.9324  100.36  053.33
022.5  03:55:29.139  146.80  090.09  017.312  000284  0004.62  0004.82  037.5233  -122.9293  100.40  053.27
023.0  03:55:29.156  146.43  089.98  017.307  000293  0004.59  0004.79  037.5249  -122.9246  100.51  053.22
023.5  03:55:29.173  146.41  089.93  017.301  000478  0004.04  0004.24  037.5253  -122.9246  100.54  053.24
024.0  03:55:29.189  146.03  089.89  017.296  000682  0003.64  0003.84  037.5263  -122.9192  100.64  053.14
024.5  03:55:29.206  145.89  089.88  017.291  000519  0003.95  0004.15  037.5267  -122.9172  100.68  053.11
025.0  03:55:29.223  145.59  089.71  017.285  000705  0003.60  0003.80  037.5286  -122.9137  100.81  053.09
025.5  03:55:29.239  145.33  089.63  017.279  000682  0003.65  0003.85  037.5298  -122.9104  100.89  053.05
026.0  03:55:29.256  145.12  089.60  017.274  000579  0003.84  0004.04  037.5304  -122.9075  100.95  053.01
026.5  03:55:29.273  145.01  089.77  017.268  000380  0004.31  0004.51  037.5291  -122.9046  100.90  052.89
027.0  03:55:29.290  144.71  089.45  017.262  000485  0004.04  0004.24  037.5324  -122.9024  101.09  052.96
027.5  03:55:29.306  144.45  089.42  017.256  000636  0003.74  0003.94  037.5331  -122.8986  101.17  052.89
028.0  03:55:29.323  144.26  089.35  017.250  000405  0004.25  0004.45  037.5340  -122.8961  101.23  052.87
028.5  03:55:29.340  143.96  089.31  017.244  000491  0004.04  0004.24  037.5348  -122.8920  101.32  052.79
029.0  03:55:29.356  143.81  089.22  017.238  000583  0003.84  0004.04  037.5359  -122.8904  101.39  052.79
029.5  03:55:29.373  143.55  089.19  017.232  000492  0004.04  0004.24  037.5366  -122.8866  101.46  052.72
030.0  03:55:29.390  143.34  089.10  017.225  000567  0003.88  0004.08  037.5377  -122.8839  101.54  052.71
030.5  03:55:29.406  143.15  089.03  017.219  000502  0004.02  0004.22  037.5387  -122.8817  101.62  052.68
031.0  03:55:29.423  142.92  089.00  017.213  000518  0003.99  0004.19  037.5393  -122.8783  101.67  052.62
031.5  03:55:29.440  142.70  088.96  017.206  000667  0003.70  0003.90  037.5401  -122.8753  101.74  052.57
032.0  03:55:29.456  142.45  088.80  017.199  000580  0003.86  0004.06  037.5419  -122.8725  101.87  052.57
032.5  03:55:29.473  142.26  088.76  017.192  000495  0004.05  0004.25  037.5425  -122.8698  101.93  052.53
033.0  03:55:29.490  142.11  088.81  017.186  000761  0003.55  0003.75  037.5423  -122.8672  101.95  052.46
033.5  03:55:29.506  141.84  088.72  017.179  000597  0003.84  0004.04  037.5436  -122.8637  102.04  052.42
034.0  03:55:29.523  141.60  088.62  017.172  000238  0004.87  0005.07  037.5448  -122.8608  102.13  052.39
034.5  03:55:29.540  141.42  088.59  017.165  000499  0004.05  0004.25  037.5455  -122.8581  102.20  052.35
035.0  03:55:29.556  141.26  088.55  017.157  000716  0003.63  0003.83  037.5461  -122.8560  102.25  052.32
035.5  03:55:29.573  141.00  088.45  017.150  000725  0003.62  0003.82  037.5474  -122.8527  102.35  052.29
036.0  03:55:29.590  140.75  088.43  017.143  000622  0003.80  0004.00  037.5480  -122.8490  102.42  052.21
036.5  03:55:29.607  140.61  088.34  017.135  000575  0003.89  0004.09  037.5490  -122.8474  102.49  052.22
037.0  03:55:29.623  140.31  088.28  017.127  000584  0003.88  0004.08  037.5501  -122.8432  102.59  052.15
037.5  03:55:29.640  140.16  088.23  017.120  000591  0003.87  0004.07  037.5508  -122.8413  102.65  052.13
038.0  03:55:29.657  139.87  088.14  017.112  000404  0004.30  0004.50  037.5521  -122.8374  102.76  052.08
038.5  03:55:29.673  139.65  088.12  017.104  000325  0004.55  0004.75  037.5526  -122.8342  102.82  052.02
039.0  03:55:29.690  139.40  087.99  017.096  000563  0003.93  0004.13  037.5541  -122.8312  102.94  052.00
039.5  03:55:29.707  139.29  087.95  017.088  000388  0004.35  0004.55  037.5547  -122.8297  102.98  051.98
040.0  03:55:29.723  139.12  087.88  017.080  000394  0004.34  0004.54  037.5556  -122.8276  103.06  051.96
040.5  03:55:29.740  138.79  087.82  017.071  000367  0004.42  0004.62  037.5567  -122.8229  103.16  051.89
041.0  03:55:29.757  138.62  087.77  017.063  000678  0003.72  0003.92  037.5574  -122.8205  103.23  051.86
041.5  03:55:29.773  138.39  087.71  017.054  000524  0004.02  0004.22  037.5584  -122.8174  103.32  051.81
042.0  03:55:29.790  138.20  087.71  017.046  000410  0004.30  0004.50  037.5587  -122.8145  103.36  051.75
042.5  03:55:29.807  137.93  087.60  017.037  000570  0003.93  0004.13  037.5601  -122.8110  103.48  051.72
043.0  03:55:29.823  137.73  087.52  017.028  000459  0004.18  0004.38  037.5611  -122.8085  103.57  051.70
043.5  03:55:29.840  137.53  087.49  017.019  000540  0003.99  0004.19  037.5618  -122.8056  103.63  051.65
044.0  03:55:29.857  137.33  087.43  017.010  000550  0003.97  0004.17  037.5626  -122.8029  103.71  051.61
044.5  03:55:29.873  137.14  087.39  017.000  000639  0003.80  0004.00  037.5633  -122.8000  103.78  051.56
045.0  03:55:29.890  136.90  087.24  016.991  000470  0004.16  0004.36  037.5650  -122.7974  103.91  051.56
045.5  03:55:29.907  136.72  087.27  016.982  000465  0004.17  0004.37  037.5651  -122.7943  103.95  051.48
046.0  03:55:29.923  136.49  087.24  016.972  000342  0004.52  0004.72  037.5658  -122.7909  104.02  051.42
046.5  03:55:29.940  136.27  087.07  016.962  000380  0004.40  0004.60  037.5676  -122.7886  104.15  051.43
047.0  03:55:29.957  136.11  087.09  016.952  000709  0003.69  0003.89  037.5677  -122.7860  104.19  051.36
047.5  03:55:29.974  135.87  087.01  016.942  000598  0003.89  0004.09  037.5689  -122.7828  104.30  051.33
048.0  03:55:29.990  135.68  086.95  016.932  000500  0004.10  0004.30  037.5697  -122.7801  104.37  051.29
048.5  03:55:30.007  135.46  086.90  016.922  000431  0004.27  0004.47  037.5705  -122.7770  104.45  051.25
049.0  03:55:30.024  135.27  086.85  016.911  000574  0003.94  0004.14  037.5713  -122.7744  104.54  051.21
049.5  03:55:30.040  135.05  086.81  016.901  000470  0004.17  0004.37  037.5720  -122.7712  104.62  051.15
050.0  03:55:30.057  134.82  086.71  016.890  000421  0004.30  0004.50  037.5733  -122.7682  104.73  051.12
050.5  03:55:30.074  134.67  086.63  016.879  000371  0004.44  0004.64  037.5743  -122.7663  104.80  051.11
051.0  03:55:30.090  134.42  086.60  016.868  000565  0003.96  0004.16  037.5750  -122.7626  104.90  051.05
051.5  03:55:30.107  134.21  086.54  016.857  000670  0003.77  0003.97  037.5759  -122.7596  104.98  051.00
052.0  03:55:30.124  134.06  086.47  016.846  000584  0003.93  0004.13  037.5768  -122.7577  105.05  050.99
052.5  03:55:30.140  133.71  086.39  016.834  000518  0004.07  0004.27  037.5781  -122.7528  105.19  050.90
053.0  03:55:30.157  133.61  086.37  016.823  000531  0004.04  0004.24  037.5785  -122.7512  105.24  050.88
053.5  03:55:30.174  133.35  086.31  016.811  000279  0004.77  0004.97  037.5794  -122.7474  105.34  050.82
054.0  03:55:30.190  133.24  086.19  016.799  000328  0004.59  0004.79  037.5807  -122.7464  105.42  050.84
054.5  03:55:30.207  132.97  086.16  016.787  000519  0004.07  0004.27  037.5814  -122.7424  105.52  050.77
055.0  03:55:30.224  132.78  086.13  016.775  000461  0004.21  0004.41  037.5820  -122.7396  105.59  050.72
055.5  03:55:30.240  132.61  086.07  016.762  000446  0004.25  0004.45  037.5829  -122.7372  105.68  050.68
056.0  03:55:30.257  132.41  086.00  016.750  000313  0004.64  0004.84  037.5839  -122.7345  105.77  050.66
056.5  03:55:30.274  132.18  085.93  016.737  000337  0004.57  0004.77  037.5849  -122.7313  105.88  050.61
057.0  03:55:30.291  132.10  085.93  016.724  000513  0004.09  0004.29  037.5850  -122.7299  105.90  050.57
057.5  03:55:30.307  131.85  085.84  016.711  000474  0004.18  0004.38  037.5862  -122.7265  106.01  050.54
058.0  03:55:30.324  131.70  085.80  016.698  000444  0004.26  0004.46  037.5869  -122.7244  106.08  050.51
058.5  03:55:30.341  131.38  085.71  016.684  000415  0004.33  0004.53  037.5883  -122.7198  106.23  050.44
059.0  03:55:30.357  131.20  085.68  016.671  000373  0004.45  0004.65  037.5888  -122.7171  106.30  050.39
059.5  03:55:30.374  131.05  085.67  016.657  000267  0004.83  0005.03  037.5892  -122.7146  106.35  050.34
060.0  03:55:30.391  130.81  085.56  016.643  000290  0004.74  0004.94  037.5906  -122.7116  106.48  050.32
060.5  03:55:30.407  130.64  085.49  016.629  000390  0004.41  0004.61  037.5915  -122.7094  106.58  050.29
061.0  03:55:30.424  130.36  085.38  016.614  000373  0004.46  0004.66  037.5930  -122.7054  106.72  050.25
061.5  03:55:30.441  130.18  085.37  016.600  000530  0004.06  0004.26  037.5933  -122.7025  106.78  050.19
062.0  03:55:30.457  130.12  085.30  016.585  000230  0005.00  0005.20  037.5941  -122.7020  106.82  050.20
062.5  03:55:30.474  129.82  085.28  016.570  000362  0004.49  0004.69  037.5949  -122.6972  106.94  050.10
063.0  03:55:30.491  129.67  085.23  016.555  000332  0004.59  0004.79  037.5955  -122.6952  107.01  050.07
063.5  03:55:30.507  129.43  085.18  016.540  000459  0004.23  0004.43  037.5964  -122.6916  107.12  050.01
064.0  03:55:30.524  129.26  085.03  016.524  000380  0004.44  0004.64  037.5980  -122.6898  107.24  050.03
064.5  03:55:30.541  129.06  085.02  016.509  000278  0004.79  0004.99  037.5985  -122.6866  107.32  049.97
001.0  03:55:28.562  128.25  092.05  017.451  000327  0003.98  0004.20  037.4941  -123.0244  100.85  044.57
001.5  03:55:28.579  128.15  091.99  017.448  000323  0003.99  0004.21  037.4949  -123.0231  100.91  044.55
002.0  03:55:28.595  127.85  091.93  017.444  000266  0004.20  0004.42  037.4959  -123.0187  101.03  044.46
002.5  03:55:28.612  127.71  091.88  017.441  000260  0004.22  0004.44  037.4966  -123.0167  101.10  044.42
003.0  03:55:28.629  127.40  091.77  017.437  000344  0003.90  0004.13  037.4982  -123.0125  101.25  044.36
003.5  03:55:28.645  127.23  091.74  017.433  000276  0004.14  0004.37  037.4987  -123.0099  101.32  044.29
004.0  03:55:28.662  127.03  091.69  017.430  000434  0003.63  0003.85  037.4995  -123.0070  101.41  044.23
004.5  03:55:28.679  126.92  091.65  017.426  000468  0003.54  0003.76  037.5001  -123.0054  101.47  044.20
005.0  03:55:28.695  126.58  091.54  017.422  000498  0003.46  0003.69  037.5017  -123.0006  101.64  044.11
005.5  03:55:28.712  126.43  091.50  017.419  000623  0003.20  0003.42  037.5023  -122.9984  101.70  044.07
006.0  03:55:28.729  126.22  091.42  017.415  000262  0004.18  0004.40  037.5034  -122.9956  101.81  044.02
006.5  03:55:28.745  126.05  091.38  017.411  000325  0003.93  0004.16  037.5041  -122.9929  101.89  043.96
007.0  03:55:28.762  125.84  091.34  017.407  000368  0003.79  0004.01  037.5047  -122.9897  101.97  043.88
007.5  03:55:28.779  125.57  091.27  017.403  000517  0003.40  0003.62  037.5057  -122.9857  102.09  043.80
008.0  03:55:28.796  125.39  091.17  017.399  000740  0002.97  0003.20  037.5072  -122.9836  102.21  043.78
008.5  03:55:28.812  125.19  091.12  017.395  000608  0003.20  0003.42  037.5079  -122.9805  102.31  043.71
009.0  03:55:28.829  125.00  091.06  017.391  000560  0003.29  0003.51  037.5087  -122.9779  102.40  043.67
009.5  03:55:28.846  124.81  090.98  017.386  000523  0003.36  0003.58  037.5099  -122.9752  102.52  043.62
010.0  03:55:28.862  124.63  090.94  017.382  000556  0003.29  0003.51  037.5105  -122.9725  102.60  043.56
010.5  03:55:28.879  124.37  090.88  017.378  000567  0003.26  0003.48  037.5115  -122.9686  102.72  043.47
011.0  03:55:28.896  124.19  090.81  017.373  000445  0003.53  0003.75  037.5125  -122.9661  102.82  043.43
011.5  03:55:28.912  123.99  090.75  017.369  000648  0003.09  0003.31  037.5134  -122.9630  102.92  043.37
012.0  03:55:28.929  123.81  090.68  017.364  000482  0003.42  0003.65  037.5143  -122.9606  103.03  043.33
012.5  03:55:28.946  123.54  090.60  017.360  000694  0003.00  0003.22  037.5156  -122.9566  103.16  043.25
013.0  03:55:28.962  123.43  090.56  017.355  000613  0003.14  0003.36  037.5162  -122.9551  103.23  043.22
013.5  03:55:28.979  123.17  090.50  017.351  000676  0003.01  0003.24  037.5171  -122.9511  103.35  043.13
088.0  03:55:30.775  104.54  084.19  016.242  000335  0004.04  0004.31  037.6111  -122.6434  118.49  036.68
088.5  03:55:30.792  104.34  084.12  016.222  000215  0004.55  0004.82  037.6122  -122.6397  118.72  036.61
089.0  03:55:30.808  104.21  084.05  016.203  000287  0004.23  0004.51  037.6131  -122.6372  118.91  036.57
089.5  03:55:30.825  104.08  083.99  016.183  000125  0005.16  0005.44  037.6141  -122.6347  119.08  036.53
090.0  03:55:30.842  103.95  083.96  016.163  000329  0004.09  0004.36  037.6145  -122.6321  119.23  036.46
090.5  03:55:30.858  103.78  083.87  016.142  000219  0004.56  0004.83  037.6159  -122.6289  119.48  036.41
091.0  03:55:30.875  103.67  083.82  016.121  000133  0005.12  0005.39  037.6166  -122.6269  119.62  036.38
091.5  03:55:30.892  103.51  083.80  016.100  000321  0004.14  0004.41  037.6170  -122.6234  119.80  036.28
092.0  03:55:30.908  103.32  083.75  016.079  000217  0004.59  0004.87  037.6177  -122.6195  120.02  036.17
092.5  03:55:30.925  103.24  083.64  016.057  000350  0004.05  0004.33  037.6193  -122.6186  120.20  036.22
093.0  03:55:30.942  103.08  083.63  016.035  000173  0004.86  0005.13  037.6196  -122.6150  120.37  036.11
093.5  03:55:30.958  102.98  083.58  016.013  000282  0004.31  0004.59  037.6203  -122.6130  120.52  036.08
094.0  03:55:30.975  102.85  083.52  015.990  000197  0004.72  0005.00  037.6212  -122.6104  120.71  036.03
094.5  03:55:30.992  102.72  083.44  015.968  000254  0004.44  0004.72  037.6223  -122.6081  120.92  036.01
095.0  03:55:31.008  102.61  083.40  015.945  000215  0004.63  0004.91  037.6229  -122.6058  121.06  035.95
095.5  03:55:31.025  102.43  083.35  015.921  000221  0004.61  0004.89  037.6237  -122.6021  121.31  035.86
096.0  03:55:31.042  102.34  083.29  015.897  000322  0004.19  0004.46  037.6246  -122.6004  121.45  035.85
096.5  03:55:31.058  102.18  083.26  015.873  000324  0004.19  0004.47  037.6252  -122.5970  121.66  035.76
097.0  03:55:31.075  102.02  083.18  015.849  000322  0004.20  0004.48  037.6262  -122.5938  121.90  035.70
097.5  03:55:31.092  101.91  083.11  015.824  000279  0004.37  0004.65  037.6273  -122.5917  122.08  035.69
098.0  03:55:31.109  101.81  083.06  015.799  000302  0004.29  0004.56  037.6280  -122.5897  122.23  035.65
098.5  03:55:31.125  101.63  083.03  015.774  000169  0004.95  0005.22  037.6286  -122.5857  122.48  035.54
099.0  03:55:31.142  101.49  082.93  015.748  000257  0004.48  0004.76  037.6300  -122.5831  122.72  035.52
099.5  03:55:31.159  101.43  082.90  015.722  000245  0004.54  0004.81  037.6304  -122.5817  122.81  035.50
100.0  03:55:31.175  101.26  082.85  015.696  000456  0003.83  0004.11  037.6313  -122.5782  123.06  035.42
100.5  03:55:31.192  101.14  082.81  015.669  000303  0004.31  0004.59  037.6318  -122.5755  123.24  035.36
101.0  03:55:31.209  101.02  082.73  015.642  000309  0004.29  0004.57  037.6329  -122.5733  123.44  035.34
101.5  03:55:31.225  100.94  082.74  015.614  000397  0004.01  0004.28  037.6329  -122.5713  123.53  035.26
102.0  03:55:31.242  100.79  082.66  015.587  000245  0004.57  0004.84  037.6341  -122.5681  123.79  035.22
102.5  03:55:31.259  100.65  082.57  015.559  000231  0004.63  0004.91  037.6354  -122.5655  124.02  035.20
103.0  03:55:31.275  100.53  082.54  015.530  000254  0004.53  0004.81  037.6359  -122.5628  124.20  035.14
103.5  03:55:31.292  100.40  082.47  015.501  000185  0004.90  0005.17  037.6369  -122.5600  124.44  035.09
104.0  03:55:31.309  100.29  082.39  015.472  000388  0004.06  0004.33  037.6380  -122.5578  124.65  035.07
104.5  03:55:31.325  100.12  082.35  015.442  000380  0004.09  0004.36  037.6387  -122.5540  124.89  034.97
105.0  03:55:31.342  100.00  082.31  015.412  000405  0004.02  0004.30  037.6394  -122.5513  125.09  034.92
105.5  03:55:31.359  099.91  082.27  015.381  000306  0004.35  0004.62  037.6400  -122.5493  125.26  034.89
106.0  03:55:31.375  099.78  082.19  015.350  000289  0004.41  0004.69  037.6411  -122.5468  125.48  034.86
106.5  03:55:31.392  099.67  082.15  015.319  000443  0003.93  0004.20  037.6417  -122.5443  125.67  034.80
107.0  03:55:31.409  099.54  082.09  015.287  000382  0004.10  0004.38  037.6426  -122.5413  125.89  034.75
107.5  03:55:31.426  099.45  082.06  015.255  000343  0004.23  0004.51  037.6431  -122.5394  126.05  034.71
108.0  03:55:31.442  099.31  082.01  015.223  000462  0003.89  0004.16  037.6439  -122.5362  126.28  034.65
108.5  03:55:31.459  099.22  081.95  015.190  000478  0003.85  0004.13  037.6448  -122.5343  126.45  034.64
109.0  03:55:31.476  099.07  081.88  015.156  000383  0004.11  0004.39  037.6458  -122.5309  126.72  034.57
109.5  03:55:31.492  098.97  081.84  015.122  000457  0003.91  0004.19  037.6464  -122.5285  126.91  034.53
110.0  03:55:31.509  098.81  081.79  015.088  000367  0004.17  0004.45  037.6472  -122.5248  127.18  034.44
110.5  03:55:31.526  098.75  081.71  015.053  000340  0004.26  0004.54  037.6484  -122.5238  127.34  034.47
111.0  03:55:31.542  098.66  081.69  015.018  000321  0004.33  0004.61  037.6487  -122.5216  127.50  034.42
111.5  03:55:31.559  098.52  081.63  014.982  000397  0004.09  0004.36  037.6497  -122.5184  127.76  034.36
112.0  03:55:31.576  098.40  081.56  014.946  000360  0004.21  0004.48  037.6506  -122.5157  127.99  034.32
112.5  03:55:31.592  098.27  081.50  014.909  000376  0004.16  0004.43  037.6515  -122.5128  128.23  034.27
113.0  03:55:31.609  098.20  081.47  014.872  000271  0004.53  0004.81  037.6519  -122.5111  128.36  034.25
113.5  03:55:31.626  098.07  081.41  014.834  000278  0004.51  0004.78  037.6530  -122.5082  128.62  034.20
114.0  03:55:31.642  097.98  081.35  014.796  000446  0003.96  0004.24  037.6537  -122.5061  128.80  034.18
114.5  03:55:31.659  097.83  081.30  014.758  000240  0004.68  0004.96  037.6545  -122.5024  129.08  034.10
115.0  03:55:31.676  097.76  081.25  014.718  000322  0004.35  0004.62  037.6553  -122.5008  129.25  034.09
115.5  03:55:31.692  097.63  081.23  014.679  000151  0005.21  0005.48  037.6557  -122.4974  129.50  034.00
116.0  03:55:31.709  097.51  081.15  014.638  000232  0004.72  0005.00  037.6569  -122.4947  129.74  033.98
116.5  03:55:31.726  097.43  081.08  014.598  000166  0005.11  0005.38  037.6578  -122.4931  129.92  033.97
117.0  03:55:31.743  097.32  081.05  014.556  000282  0004.51  0004.78  037.6583  -122.4902  130.14  033.91
117.5  03:55:31.759  097.20  081.00  014.515  000226  0004.76  0005.04  037.6591  -122.4872  130.39  033.86
118.0  03:55:31.776  097.09  080.94  014.472  000277  0004.53  0004.81  037.6600  -122.4848  130.61  033.83
118.5  03:55:31.793  097.03  080.90  014.429  000321  0004.36  0004.64  037.6605  -122.4833  130.74  033.81
119.0  03:55:31.809  096.89  080.85  014.386  000119  0005.49  0005.76  037.6614  -122.4797  131.05  033.75
119.5  03:55:31.826  096.81  080.79  014.341  000221  0004.79  0005.07  037.6622  -122.4779  131.23  033.73
120.0  03:55:31.843  096.73  080.79  014.297  000403  0004.11  0004.38  037.6624  -122.4757  131.38  033.67
120.5  03:55:31.859  096.59  080.67  014.251  000180  0005.02  0005.30  037.6640  -122.4724  131.72  033.66
