135.0  03:06:20.818  110.76  084.87  056.184  000237  0003.81  0003.97  036.2284  -121.9530  034.74  040.99
135.5  03:06:20.835  110.82  084.58  055.923  000435  0003.15  0003.30  036.2252  -121.9556  034.74  041.26
136.0  03:06:20.851  110.95  083.99  055.647  000498  0003.03  0003.19  036.2169  -121.9579  034.47  041.82
136.5  03:06:20.868  111.24  082.80  055.355  000817  0002.52  0002.67  036.2030  -121.9669  034.32  042.89
137.0  03:06:20.885  111.39  082.27  055.045  000488  0003.14  0003.30  036.1945  -121.9670  033.93  043.39
137.5  03:06:20.902  111.24  082.78  054.717  000426  0003.26  0003.41  036.2040  -121.9693  034.52  042.92
138.0  03:06:20.918  111.52  081.81  054.370  000480  0003.19  0003.35  036.1852  -121.9631  033.28  043.81
138.5  03:06:20.935  111.71  081.17  054.002  000712  0002.75  0002.90  036.1817  -121.9756  033.83  044.38
139.0  03:06:20.952  111.70  081.21  053.613  000397  0003.41  0003.57  036.1823  -121.9755  033.86  044.35
139.5  03:06:20.968  111.93  080.49  053.200  000384  0003.48  0003.63  036.1727  -121.9789  033.61  045.00
140.0  03:06:20.985  112.10  079.96  052.764  000459  0003.29  0003.44  036.1681  -121.9859  033.80  045.48
140.5  03:06:21.002  112.28  079.42  052.301  000654  0002.89  0003.05  036.1632  -121.9926  033.94  045.96
141.0  03:06:21.018  112.25  079.54  051.811  000289  0003.82  0003.97  036.1630  -121.9890  033.75  045.87
141.5  03:06:21.035  112.65  078.40  051.293  000532  0003.15  0003.30  036.1529  -122.0033  034.07  046.87
142.0  03:06:21.052  112.87  077.81  050.744  000470  0003.30  0003.45  036.1476  -122.0106  034.23  047.39
142.5  03:06:21.068  113.01  077.51  050.162  000321  0003.74  0003.89  036.1421  -122.0095  033.94  047.66
231.0  03:06:19.104  152.73  084.52  056.066  000503  0003.63  0003.84  036.2227  -121.9482  012.57  057.53
231.5  03:06:19.121  152.72  084.64  055.799  000433  0003.80  0004.01  036.2244  -121.9537  012.81  057.47
232.0  03:06:19.138  153.14  083.98  055.515  000579  0003.48  0003.69  036.2167  -121.9576  012.88  057.87
232.5  03:06:19.154  153.92  082.75  055.215  000525  0003.59  0003.80  036.2020  -121.9637  012.96  058.62
233.0  03:06:19.171  154.40  082.24  054.897  000405  0003.89  0004.10  036.1968  -121.9796  013.51  058.95
233.5  03:06:19.188  153.94  082.93  054.561  000587  0003.47  0003.69  036.2050  -121.9750  013.43  058.54
234.0  03:06:19.204  155.13  081.17  054.204  000382  0003.95  0004.17  036.1842  -121.9865  013.64  059.58
234.5  03:06:19.221  153.67  083.15  053.827  000824  0003.08  0003.30  036.2068  -121.9617  012.94  058.37
235.0  03:06:19.238  155.69  080.28  053.427  000312  0004.17  0004.39  036.1733  -121.9866  013.54  060.09
235.5  03:06:19.254  155.76  080.17  053.004  000737  0003.21  0003.43  036.1720  -121.9868  013.53  060.16
245.0  03:03:54.360  133.75  081.00  044.025  000606  0003.15  0003.36  036.3855  -121.7614  006.03  053.88
245.5  03:03:54.377  133.57  080.64  043.878  000369  0003.70  0003.91  036.3848  -121.7569  005.81  054.01
246.0  03:03:54.394  132.53  078.90  043.730  000177  0004.53  0004.74  036.3847  -121.7570  005.82  054.61
246.5  03:03:54.410  132.76  079.35  043.581  000491  0003.40  0003.62  036.3857  -121.7628  006.11  054.44
247.0  03:03:54.427  131.36  076.96  043.431  000695  0003.02  0003.24  036.3856  -121.7626  006.11  055.29
247.5  03:03:54.444  131.58  077.41  043.279  000787  0002.89  0003.10  036.3865  -121.7679  006.36  055.12
248.0  03:03:54.461  130.96  076.34  043.126  000809  0002.86  0003.08  036.3866  -121.7691  006.43  055.49
248.5  03:03:54.477  130.91  076.25  042.971  000933  0002.70  0002.91  036.3866  -121.7692  006.44  055.52
249.0  03:03:54.494  129.97  074.68  042.815  000322  0003.92  0004.14  036.3873  -121.7735  006.64  056.08
249.5  03:03:54.511  130.33  075.32  042.657  000416  0003.64  0003.85  036.3875  -121.7747  006.71  055.85
250.0  03:03:54.527  129.71  074.26  042.498  000819  0002.87  0003.09  036.3879  -121.7770  006.82  056.22
250.5  03:03:54.544  129.76  074.33  042.338  000324  0003.92  0004.14  036.3877  -121.7758  006.77  056.20
251.0  03:03:54.561  129.21  073.31  042.176  000490  0003.46  0003.67  036.3871  -121.7730  006.63  056.58
251.5  03:03:54.577  129.03  073.04  042.013  000507  0003.43  0003.64  036.3879  -121.7773  006.86  056.67
252.0  03:03:54.594  128.39  071.92  041.848  000342  0003.88  0004.09  036.3882  -121.7793  006.96  057.08
252.5  03:03:54.611  127.53  070.39  041.682  000522  0003.41  0003.63  036.3886  -121.7824  007.10  057.65
253.0  03:03:54.627  127.49  070.28  041.514  000281  0004.10  0004.32  036.3882  -121.7799  006.99  057.70
253.5  03:03:54.644  128.21  071.48  041.344  000384  0003.73  0003.95  036.3866  -121.7703  006.52  057.26
254.0  03:03:54.661  126.61  068.57  041.173  000452  0003.56  0003.77  036.3871  -121.7741  006.71  058.35
254.5  03:03:54.677  127.21  069.79  041.001  000254  0004.22  0004.43  036.3885  -121.7817  007.09  057.87
