099.0  04:21:51.206  084.27  080.69  023.081  000069  0005.16  0005.34  036.9803  -121.3740  204.17  018.78
099.5  04:21:51.223  084.07  080.55  020.576  000099  0004.77  0004.95  036.9794  -121.3767  203.77  018.68
100.0  04:21:51.239  083.90  080.40  017.959  000076  0005.07  0005.26  036.9793  -121.3788  203.42  018.66
100.5  04:21:51.256  083.69  080.23  015.222  000073  0005.12  0005.30  036.9789  -121.3814  202.98  018.61
101.0  04:21:51.273  083.49  080.05  012.362  000085  0004.96  0005.15  036.9789  -121.3837  202.54  018.59
101.5  04:21:51.289  083.36  079.93  009.372  000083  0004.99  0005.17  036.9789  -121.3852  202.25  018.58
232.0  05:46:13.684  120.39  096.04  026.178  000360  0004.15  0004.35  037.4525  -122.4600  099.87  038.38
232.5  05:46:13.700  120.36  095.72  026.175  000411  0004.01  0004.21  037.4523  -122.4641  099.81  038.62
233.0  05:46:13.717  120.34  095.44  026.171  000414  0004.02  0004.22  037.4552  -122.4670  100.02  038.82
233.5  05:46:13.734  120.32  095.28  026.167  000337  0004.26  0004.46  037.4564  -122.4687  100.11  038.93
234.0  05:46:13.750  120.29  094.87  026.161  000518  0003.79  0003.99  037.4586  -122.4734  100.23  039.23
234.5  05:46:13.767  120.28  094.63  026.153  000445  0003.97  0004.17  037.4588  -122.4764  100.22  039.40
235.0  05:46:13.784  120.26  094.32  026.142  000419  0004.05  0004.25  037.4614  -122.4798  100.38  039.62
235.5  05:46:13.800  120.24  094.05  026.128  000526  0003.81  0004.01  037.4641  -122.4826  100.58  039.82
236.0  05:46:13.817  120.23  093.79  026.109  000494  0003.89  0004.09  037.4642  -122.4859  100.55  040.01
236.5  05:46:13.834  120.21  093.47  026.084  000541  0003.79  0003.99  037.4659  -122.4896  100.64  040.24
237.0  05:46:13.851  120.20  093.16  026.051  000936  0003.16  0003.36  037.4664  -122.4934  100.63  040.46
237.5  05:46:13.867  120.20  092.95  026.007  000670  0003.57  0003.77  037.4685  -122.4956  100.79  040.62
238.0  05:46:13.884  120.18  092.57  025.949  000748  0003.45  0003.65  037.4695  -122.5002  100.81  040.89
238.5  05:46:13.901  120.18  092.48  025.872  000876  0003.27  0003.47  037.4713  -122.5009  100.95  040.96
239.0  05:46:13.917  120.18  092.09  025.769  000924  0003.22  0003.42  037.4729  -122.5056  101.03  041.24
239.5  05:46:13.934  120.17  091.88  025.634  000937  0003.21  0003.41  037.4737  -122.5080  101.06  041.39
240.0  05:46:13.951  120.17  091.56  025.454  001064  0003.07  0003.27  037.4759  -122.5116  101.18  041.62
240.5  05:46:13.967  120.17  091.29  025.216  000642  0003.67  0003.87  037.4774  -122.5147  101.26  041.82
241.0  05:46:13.984  120.17  091.05  024.901  000860  0003.34  0003.54  037.4786  -122.5175  101.33  042.00
241.5  05:46:14.001  120.18  090.74  024.482  000657  0003.66  0003.86  037.4798  -122.5212  101.38  042.22
242.0  05:46:14.017  120.18  090.37  023.927  000450  0004.11  0004.31  037.4814  -122.5256  101.45  042.49
242.5  05:46:14.034  120.19  090.17  023.192  000213  0004.95  0005.15  037.4827  -122.5278  101.52  042.63
242.0  04:21:49.785  122.08  090.59  058.085  000292  0004.50  0004.72  036.9798  -121.2472  299.90  042.50
242.5  04:21:49.802  121.90  090.40  057.167  000734  0003.46  0003.68  036.9794  -121.2480  299.98  042.54
243.0  04:21:49.819  121.61  090.22  056.206  007987  0000.18  0000.40  036.9795  -121.2509  300.05  042.52
243.5  04:21:49.835  121.63  090.21  055.202  000000  0001.#J  0001.#J  036.9794  -121.2505  300.05  042.54
182.0  05:46:13.451  105.66  099.71  026.185  000203  0004.45  0004.72  037.4333  -122.4179  105.93  019.57
182.5  05:46:13.468  105.51  099.45  026.185  000177  0004.61  0004.89  037.4349  -122.4209  106.06  019.78
183.0  05:46:13.485  105.41  099.25  026.185  000338  0003.88  0004.16  037.4341  -122.4241  105.81  019.94
183.5  05:46:13.501  105.27  099.00  026.185  000229  0004.34  0004.62  037.4378  -122.4256  106.39  020.12
184.0  05:46:13.518  104.99  098.51  026.185  000303  0004.05  0004.33  037.4416  -122.4307  106.82  020.51
184.5  05:46:13.535  104.95  098.41  026.185  000348  0003.89  0004.17  037.4405  -122.4327  106.57  020.59
185.0  05:46:13.551  104.75  098.04  026.185  000309  0004.04  0004.32  037.4433  -122.4365  106.86  020.88
185.5  05:46:13.568  104.58  097.70  026.184  000470  0003.57  0003.85  037.4440  -122.4409  106.81  021.16
186.0  05:46:13.585  104.58  097.69  026.184  000311  0004.04  0004.32  037.4438  -122.4411  106.77  021.16
186.5  05:46:13.602  104.31  097.19  026.183  000297  0004.12  0004.40  037.4479  -122.4461  107.23  021.56
187.0  05:46:13.618  104.24  097.05  026.182  000231  0004.42  0004.69  037.4506  -122.4467  107.66  021.65
187.5  05:46:13.635  103.98  096.53  026.181  000418  0003.75  0004.03  037.4515  -122.4537  107.50  022.09
188.0  05:46:13.652  103.89  096.34  026.180  000199  0004.59  0004.87  037.4522  -122.4561  107.51  022.25
188.5  05:46:13.668  103.84  096.22  026.178  000356  0003.94  0004.21  037.4520  -122.4578  107.41  022.35
189.0  05:46:13.685  103.64  095.82  026.175  000387  0003.86  0004.13  037.4542  -122.4624  107.58  022.67
189.5  05:46:13.702  103.47  095.45  026.172  000418  0003.78  0004.05  037.4566  -122.4663  107.81  022.97
190.0  05:46:13.718  103.40  095.30  026.168  000401  0003.83  0004.11  037.4575  -122.4681  107.86  023.10
190.5  05:46:13.735  103.24  094.96  026.162  000292  0004.20  0004.48  037.4591  -122.4720  107.94  023.38
191.0  05:46:13.752  103.15  094.75  026.154  000398  0003.85  0004.12  037.4595  -122.4748  107.91  023.55
191.5  05:46:13.768  102.99  094.41  026.144  000241  0004.43  0004.70  037.4619  -122.4784  108.13  023.83
192.0  05:46:13.785  102.86  094.11  026.131  000475  0003.66  0003.94  037.4638  -122.4817  108.26  024.07
192.5  05:46:13.802  102.74  093.84  026.113  000700  0003.21  0003.49  037.4650  -122.4849  108.33  024.30
193.0  05:46:13.818  102.61  093.53  026.089  000851  0002.98  0003.26  037.4666  -122.4885  108.42  024.55
193.5  05:46:13.835  102.50  093.26  026.058  000748  0003.14  0003.41  037.4673  -122.4919  108.38  024.78
194.0  05:46:13.852  102.39  093.01  026.017  000768  0003.11  0003.39  037.4689  -122.4947  108.51  024.99
194.5  05:46:13.868  102.25  092.65  025.961  000629  0003.36  0003.63  037.4708  -122.4988  108.64  025.29
195.0  05:46:13.885  102.16  092.45  025.888  000751  0003.15  0003.42  037.4724  -122.5009  108.75  025.47
195.5  05:46:13.902  102.06  092.18  025.792  000980  0002.83  0003.10  037.4734  -122.5042  108.79  025.69
196.0  05:46:13.918  101.95  091.90  025.663  000881  0002.96  0003.23  037.4751  -122.5072  108.89  025.92
196.5  05:46:13.935  101.84  091.61  025.493  001049  0002.75  0003.02  037.4765  -122.5106  108.97  026.17
197.0  05:46:13.952  101.74  091.35  025.268  000722  0003.20  0003.48  037.4776  -122.5138  109.00  026.40
197.5  05:46:13.969  101.64  091.08  024.969  000658  0003.32  0003.59  037.4789  -122.5171  109.04  026.63
198.0  05:46:13.985  101.53  090.80  024.573  000594  0003.44  0003.71  037.4804  -122.5201  109.13  026.86
198.5  05:46:14.002  101.45  090.56  024.048  000441  0003.79  0004.06  037.4819  -122.5229  109.22  027.06
199.0  05:46:14.019  101.33  090.26  023.352  000252  0004.43  0004.71  037.4853  -122.5254  109.59  027.32
199.5  05:46:14.035  101.31  090.17  022.429  000290  0004.26  0004.54  037.4825  -122.5281  109.12  027.41
